version https://git-lfs.github.com/spec/v1
oid sha256:06a3fe32fe53ac70cb2e076f89fcbc2baddd1839b46d7a76ba419f14a027ac28
size 60421
