version https://git-lfs.github.com/spec/v1
oid sha256:f4cfea380886da0c71e1b95b0d89d8382fe315e450bb067d3e2f6e2ff4cc55ba
size 58916
